1 0
2 0
3 0
4 0
5 0
6 0
7 0
8 0
9 0
10 0
11 0
12 0
13 0
14 0
15 0
16 0
17 0
18 0
19 0
20 0
21 0
22 0
23 0
24 0
25 0
26 0
27 0
28 0
29 0
30 0
31 0
32 0
33 0
34 0
35 0
36 0
37 0
38 0
39 0
40 0
41 0
42 0
43 0
44 0
45 0
46 0
47 0
48 0
49 0
50 0
51 0
52 0
53 0
54 0
55 0
56 0
57 0
58 0
59 0
60 0
61 0
62 0
63 0
64 0
65 0
66 0
67 0
68 0
69 0
70 0
71 0
72 0
73 0
74 0
75 0
76 0
77 0
78 0
79 0
80 0
81 0
82 0
83 0
84 0
85 0
86 0
87 0
88 0
89 0
90 0
91 0
92 0
93 0
94 0
95 0
96 0
97 0
98 0
99 0
100 0
101 0
102 0
103 0
104 0
105 0
106 0
107 0
108 0
109 0
110 0
111 0
112 0
113 0
114 0
115 0
116 0
117 0
118 0
119 1
120 1
121 1
122 1
123 1
124 1
125 1
126 1
127 1
128 1
129 1
130 1
131 1
132 1
133 1
134 1
135 1
136 1
137 1
138 1
139 1
140 1
141 1
142 1
143 1
144 1
145 1
146 1
147 1
148 1
149 1
150 1
151 1
152 1
153 1
154 1
155 1
156 1
157 1
158 1
159 1
160 1
161 1
162 1
163 1
164 1
165 1
166 1
167 1
168 1
169 1
170 1
171 1
172 1
173 1
174 1
175 1
176 1
177 1
178 1
179 1
180 1
181 1
182 1
183 1
184 1
185 1
186 1
187 1
188 1
189 1
190 1
191 1
192 1
193 1
194 1
195 1
196 1
197 1
198 1
199 1
200 1
201 1
202 2
203 2
204 2
205 2
206 2
207 2
208 2
209 2
210 2
211 2
212 2
213 2
214 2
215 2
216 2
217 2
218 2
219 2
220 2
221 2
222 2
223 2
224 2
225 2
226 2
227 3
228 3
229 4
230 4
231 4
232 4
233 4
234 4
235 4
236 4
237 4
238 4
239 4
240 4
241 4
242 4
243 4
244 4
245 4
246 4
247 4
248 4
249 4
250 4
251 4
252 4
253 4
254 5
255 5
256 5
257 5
258 5
259 5
260 5
261 5
262 5
263 5
264 5
265 5
266 5
267 5
268 5
269 5
270 5
271 5
272 5
273 5
274 5
275 5
276 5
277 5
278 5
279 5
280 5
281 5
282 5
283 5
284 5
285 5
286 5
287 5
288 5
289 5
290 5
291 5
292 5
293 5
294 5
295 5
296 5
297 5
298 5
299 5
300 5
301 5
302 5
303 5
304 5
305 5
306 6
307 6
308 6
309 6
310 6
311 6
312 6
313 6
314 6
315 6
316 6
317 6
318 6
319 6
320 6
321 6
322 6
323 6
324 6
325 6
326 6
327 6
328 6
329 6
330 6
331 6
332 6
333 6
334 6
335 6
336 6
337 6
338 6
339 6
340 6
341 6
342 6
343 6
344 6
345 7
346 7
347 7
348 7
349 7
350 7
351 7
352 7
353 7
354 7
355 7
356 7
357 7
358 7
359 7
360 7
361 7
362 7
363 7
364 7
365 7
366 7
367 7
368 7
369 7
370 7
371 7
372 7
373 7
374 7
375 7
376 7
377 7
378 7
379 7
380 7
381 7
382 7
383 7
384 7
385 7
386 7
387 7
388 7
389 7
390 7
391 7
392 7
393 7
394 7
395 7
396 7
397 7
398 7
399 7
400 7
401 7
402 7
403 7
404 7
405 7
406 7
407 7
408 7
409 7
410 7
411 7
412 7
413 7
414 7
415 7
416 7
417 7
418 7
419 7
420 7
421 7
422 7
423 7
424 7
425 7
426 7
427 7
428 7
429 7
430 7
431 7
432 7
433 7
434 7
435 7
436 7
437 7
438 7
439 7
440 7
441 7
442 7
443 7
444 7
445 7
446 7
447 7
448 7
449 8
450 8
451 8
452 8
453 9
454 9
455 9
456 9
457 9
458 9
459 9
460 9
461 9
462 9
463 9
464 9
465 9
466 9
467 9
468 9
469 9
470 9
471 9
472 9
473 9
474 9
475 9
476 9
477 9
478 10
479 10
480 10
481 10
482 10
483 10
484 10
485 10
486 10
487 10
488 10
489 10
490 10
491 10
492 10
493 10
494 10
495 10
496 10
497 10
498 10
499 10
500 10
501 10
502 10
503 10
504 10
505 10
506 10
507 10
508 10
509 10
510 10
511 10
512 10
513 10
514 10
515 10
516 10
517 10
518 10
519 10
520 10
521 10
522 10
523 11
524 11
525 11
526 11
527 11
528 11
529 11
530 11
531 11
532 11
533 11
534 11
535 11
536 11
537 11
538 11
539 11
540 11
541 11
542 11
543 11
544 11
545 11
546 11
547 11
548 11
549 11
550 11
551 11
552 11
553 11
554 11
555 11
556 11
557 11
558 11
559 11
560 11
561 11
562 11
563 11
564 11
565 11
566 11
567 11
568 11
569 11
570 11
571 11
572 11
573 11
574 11
575 11
576 11
577 11
578 11
579 11
580 11
581 11
582 11
583 11
584 11
585 11
586 11
587 11
588 11
589 11
590 11
591 11
592 11
593 11
594 11
595 11
596 11
597 11
598 11
599 11
600 11
601 12
602 12
603 12
604 12
605 12
606 12
607 12
608 12
609 12
610 12
611 12
612 12
613 13
614 13
615 13
616 13
617 13
618 13
619 13
620 13
621 13
622 13
623 13
624 13
625 13
626 13
627 13
628 13
629 13
630 13
631 13
632 13
633 13
634 13
635 13
636 13
637 13
638 13
639 13
640 13
641 13
642 13
643 13
644 13
645 13
646 14
647 14
648 14
649 14
650 14
651 14
652 14
653 14
654 14
655 14
656 14
657 14
658 14
659 14
660 14
661 14
662 14
663 14
664 14
665 15
666 15
667 16
668 16
669 16
670 16
671 16
672 16
673 16
674 16
675 16
676 16
677 16
678 16
679 16
680 16
681 16
682 16
683 16
684 16
685 16
686 16
687 16
688 16
689 16
690 16
691 16
692 17
693 17
694 17
695 17
696 17
697 17
698 17
699 17
700 17
701 17
702 17
703 17
704 17
705 17
706 17
707 17
708 17
709 17
710 17
711 17
712 17
713 17
714 18
715 18
716 18
717 18
718 18
719 18
720 18
721 18
722 18
723 18
724 18
725 18
726 18
727 18
728 18
729 18
730 18
731 18
732 18
733 18
734 18
735 19
736 19
737 19
738 19
739 19
740 19
741 19
742 19
743 19
744 19
745 19
746 19
747 19
748 19
749 19
750 19
751 19
752 19
753 19
754 19
755 19
756 19
757 19
758 19
759 19
760 19
761 19
762 19
763 19
764 19
765 19
766 19
767 19
768 19
769 19
770 19
771 19
772 20
773 20
774 20
775 20
776 20
777 20
778 20
779 20
780 20
781 20
782 20
783 20
784 20
785 20
786 20
787 20
788 20
789 20
790 20
791 20
792 20
793 20
794 20
795 20
796 20
797 20
798 20
799 20
800 20
801 20
802 20
803 20
804 20
805 20
806 20
807 20
808 20
809 20
810 20
811 20
812 20
813 20
814 20
815 20
816 20
817 20
818 21
819 21
820 21
821 21
822 21
823 21
824 21
825 21
826 21
827 21
828 21
829 21
830 21
831 21
832 21
833 21
834 21
835 21
836 21
837 21
838 21
839 21
840 21
841 21
842 21
843 21
844 21
845 21
846 21
847 21
848 21
849 21
850 21
851 21
852 21
853 21
854 21
855 21
856 21
857 21
858 21
859 21
860 21
861 21
862 21
863 21
864 21
865 21
866 21
867 21
868 21
869 21
870 21
871 21
872 21
873 21
874 21
875 21
876 21
877 21
878 21
879 21
880 21
881 21
882 21
883 21
884 21
885 21
886 22
887 22
888 22
889 22
890 22
891 22
892 22
893 22
894 22
895 22
896 22
897 22
898 22
899 22
900 22
901 22
902 22
903 22
904 22
905 22
906 22
907 22
908 22
909 22
910 22
911 22
912 22
913 22
914 22
915 22
916 22
917 22
918 22
919 22
920 22
921 22
922 22
923 22
924 22
925 22
926 22
927 22
928 22
929 22
930 22
931 22
932 23
933 23
934 23
935 23
936 23
937 23
938 23
939 23
940 23
941 23
942 23
943 23
944 23
945 23
946 23
947 23
948 23
949 23
950 23
951 23
952 23
953 23
954 23
955 23
956 23
957 24
958 24
959 24
960 24
961 24
962 24
963 24
964 24
965 24
966 24
967 24
968 24
969 24
970 24
971 24
972 24
973 24
974 24
975 24
976 24
977 24
978 24
979 24
980 24
981 24
982 24
983 24
984 24
985 24
986 24
987 24
988 24
989 24
990 24
991 24
992 24
993 24
994 24
995 24
996 24
997 24
998 24
999 24
1000 24
1001 24
1002 24
1003 24
1004 25
1005 25
1006 25
1007 25
1008 25
1009 25
1010 25
1011 25
1012 25
1013 25
1014 25
1015 25
1016 25
1017 25
1018 25
1019 25
1020 25
1021 25
1022 25
1023 25
1024 25
1025 25
1026 25
1027 25
1028 25
1029 25
1030 25
1031 25
1032 25
1033 25
1034 25
1035 25
1036 25
1037 25
1038 25
1039 25
1040 25
1041 26
1042 26
1043 26
1044 26
1045 26
1046 26
1047 26
1048 26
1049 26
1050 26
1051 26
1052 26
1053 26
1054 26
1055 26
1056 26
1057 26
1058 26
1059 26
1060 26
1061 26
1062 26
1063 26
1064 26
1065 26
1066 26
1067 26
1068 26
1069 26
1070 26
1071 26
1072 26
1073 26
1074 26
1075 26
1076 27
1077 27
1078 27
1079 27
1080 27
1081 27
1082 27
1083 27
1084 27
1085 27
1086 27
1087 27
1088 27
1089 27
1090 27
1091 27
1092 27
1093 27
1094 27
1095 27
1096 27
1097 28
1098 29
1099 29
1100 29
1101 29
1102 29
1103 29
1104 29
1105 29
1106 29
1107 29
1108 29
1109 29
1110 29
1111 29
1112 29
1113 29
1114 29
1115 29
1116 30
1117 30
1118 30
1119 30
1120 31
1121 31
1122 31
1123 31
1124 31
1125 31
1126 31
1127 31
1128 31
1129 31
1130 32
1131 32
1132 32
1133 32
1134 32
1135 32
1136 32
1137 32
1138 32
1139 32
1140 32
1141 32
1142 32
1143 32
1144 32
1145 32
1146 32
1147 32
1148 32
1149 32
1150 32
1151 32
1152 32
1153 32
1154 32
1155 32
1156 32
1157 32
1158 32
1159 33
1160 33
1161 33
1162 33
1163 33
1164 33
1165 33
1166 33
1167 33
1168 33
1169 33
1170 33
1171 33
1172 33
1173 33
1174 33
1175 33
1176 33
1177 33
1178 33
1179 33
1180 33
1181 33
1182 33
1183 33
1184 33
1185 33
1186 33
1187 33
1188 33
1189 33
1190 33
1191 33
1192 33
1193 33
1194 33
1195 33
1196 33
1197 33
1198 33
1199 33
1200 33
1201 33
1202 33
1203 33
1204 33
1205 33
1206 33
1207 33
1208 33
1209 33
1210 33
1211 33
1212 33
1213 33
1214 33
1215 33
1216 33
1217 33
1218 33
1219 33
1220 33
1221 33
1222 33
1223 33
1224 33
1225 33
1226 33
1227 33
1228 33
1229 33
1230 33
1231 33
1232 33
1233 33
1234 33
1235 33
1236 33
1237 33
1238 33
1239 33
1240 33
1241 33
1242 33
1243 33
1244 34
1245 34
1246 34
1247 34
1248 34
1249 34
1250 34
1251 34
1252 34
1253 34
1254 34
1255 34
1256 35
1257 35
1258 35
1259 35
1260 35
1261 35
1262 35
1263 36
1264 36
1265 36
1266 36
1267 36
1268 36
1269 36
1270 36
1271 36
1272 36
1273 36
1274 36
1275 36
1276 36
1277 36
1278 36
1279 36
1280 36
1281 36
1282 36
1283 36
1284 36
1285 36
1286 36
1287 36
1288 36
1289 36
1290 36
1291 36
1292 37
1293 37
1294 37
1295 37
1296 37
1297 37
1298 37
1299 37
1300 37
1301 37
1302 37
1303 37
1304 37
1305 37
1306 37
1307 37
1308 37
1309 37
1310 37
1311 37
1312 37
1313 37
1314 37
1315 37
1316 37
1317 37
1318 37
1319 37
1320 37
1321 37
1322 37
1323 37
1324 37
1325 37
1326 37
1327 37
1328 37
1329 37
1330 37
1331 37
1332 37
1333 37
1334 38
1335 38
1336 38
1337 38
1338 38
1339 38
1340 38
1341 38
1342 38
1343 38
1344 38
1345 38
1346 38
1347 38
1348 38
1349 39
1350 39
1351 39
1352 39
1353 39
1354 39
1355 39
1356 39
1357 39
1358 39
1359 40
1360 40
1361 40
1362 40
1363 40
1364 40
1365 40
1366 40
1367 40
1368 40
1369 40
1370 40
1371 40
1372 40
1373 40
1374 40
1375 40
1376 40
1377 40
1378 40
1379 40
1380 40
1381 41
1382 41
1383 41
1384 41
1385 41
1386 41
1387 41
1388 41
1389 41
1390 41
1391 41
1392 41
1393 41
1394 41
1395 41
1396 42
1397 42
1398 42
1399 42
1400 42
1401 42
1402 42
1403 42
1404 42
1405 42
1406 42
1407 42
1408 42
1409 42
1410 42
1411 42
1412 42
1413 42
1414 42
1415 42
1416 42
1417 43
1418 43
1419 43
1420 43
1421 43
1422 43
1423 43
1424 43
1425 43
1426 43
1427 43
1428 43
1429 43
1430 43
1431 43
1432 43
1433 43
1434 43
1435 43
1436 43
1437 43
1438 43
1439 43
1440 43
1441 43
1442 43
1443 43
1444 43
1445 43
1446 43
1447 43
1448 43
1449 43
1450 43
1451 43
1452 44
1453 44
1454 45
1455 45
1456 45
1457 45
1458 45
1459 45
1460 45
1461 45
1462 45
1463 45
1464 45
1465 45
1466 46
1467 46
1468 46
1469 46
1470 46
1471 46
1472 46
1473 46
1474 46
1475 46
1476 46
1477 46
1478 46
1479 46
1480 46
1481 46
1482 46
1483 46
1484 46
1485 46
1486 46
1487 46
1488 46
1489 46
1490 46
1491 46
1492 46
1493 46
1494 46
1495 46
1496 46
1497 46
1498 46
1499 46
1500 46
1501 46
1502 46
1503 46
1504 46
1505 46
1506 46
1507 46
1508 46
1509 46
1510 46
1511 46
1512 46
1513 46
1514 46
1515 46
1516 46
1517 46
1518 46
1519 46
1520 46
1521 46
1522 46
1523 46
1524 46
1525 46
1526 46
1527 46
1528 46
1529 46
1530 46
1531 46
1532 46
1533 46
1534 46
1535 46
1536 46
1537 46
1538 47
1539 47
1540 47
1541 47
1542 47
1543 47
1544 47
1545 47
1546 47
1547 47
1548 47
1549 47
1550 47
1551 47
1552 47
1553 47
1554 47
1555 47
1556 47
1557 47
1558 47
1559 47
1560 47
1561 47
1562 47
1563 47
1564 47
1565 47
1566 47
1567 47
1568 47
1569 48
1570 48
1571 48
1572 48
1573 48
1574 48
1575 48
1576 48
1577 48
1578 48
1579 48
1580 48
1581 48
1582 48
1583 48
1584 48
1585 48
1586 48
1587 48
1588 48
1589 48
1590 48
1591 48
1592 48
1593 48
1594 48
1595 48
1596 48
1597 48
1598 48
1599 48
1600 48
1601 48
1602 48
1603 48
1604 48
1605 48
1606 48
1607 48
1608 48
1609 48
1610 48
1611 48
1612 48
1613 48
1614 48
1615 48
1616 48
1617 48
1618 48
1619 48
1620 48
1621 48
1622 48
1623 48
1624 48
1625 48
1626 48
1627 48
1628 48
1629 48
1630 48
1631 48
1632 48
1633 48
1634 48
1635 48
1636 48
1637 48
1638 48
1639 48
1640 48
1641 48
1642 48
1643 48
1644 48
1645 48
1646 48
1647 49
1648 49
1649 49
1650 49
1651 49
1652 49
1653 49
1654 49
1655 49
1656 49
1657 49
1658 49
1659 49
1660 49
1661 49
1662 49
1663 49
1664 49
1665 49
1666 49
1667 49
1668 49
1669 49
1670 49
1671 49
1672 49
1673 49
1674 49
1675 49
1676 49
1677 49
1678 49
1679 49
1680 49
1681 49
1682 49
1683 49
1684 49
1685 49
1686 49
1687 49
1688 49
1689 50
1690 50
1691 50
1692 50
1693 50
1694 50
1695 50
1696 50
1697 50
1698 50
1699 51
1700 51
1701 51
1702 51
1703 51
1704 51
1705 51
1706 51
1707 51
1708 51
1709 51
1710 51
1711 51
1712 51
1713 51
1714 52
1715 52
1716 52
1717 52
1718 52
1719 52
1720 52
1721 52
1722 52
1723 52
1724 52
1725 52
1726 52
1727 52
1728 52
1729 52
1730 52
1731 52
1732 52
1733 52
1734 52
1735 52
1736 52
1737 52
1738 52
1739 52
1740 52
1741 52
1742 52
1743 52
1744 52
1745 52
1746 52
1747 52
1748 52
1749 52
1750 52
1751 52
1752 52
1753 52
1754 52
1755 52
1756 52
1757 52
1758 52
1759 52
1760 52
1761 52
1762 52
1763 52
1764 52
1765 52
1766 52
1767 52
1768 52
1769 52
1770 52
1771 52
1772 52
1773 52
1774 52
1775 52
1776 52
1777 52
1778 52
1779 52
1780 52
1781 52
1782 52
1783 52
1784 52
1785 52
1786 52
1787 53
1788 53
1789 53
1790 53
1791 53
1792 53
1793 53
1794 53
1795 53
