1 0
2 0
3 0
4 0
5 0
6 0
7 0
8 0
9 0
10 0
11 0
12 0
13 0
14 0
15 0
16 0
17 0
18 0
19 0
20 0
21 0
22 0
23 0
24 0
25 0
26 0
27 0
28 0
29 0
30 0
31 0
32 0
33 0
34 0
35 0
36 0
37 0
38 0
39 0
40 0
41 0
42 0
43 0
44 0
45 0
46 0
47 0
48 0
49 0
50 0
51 0
52 0
53 0
54 0
55 0
56 0
57 0
58 0
59 0
60 0
61 0
62 0
63 0
64 0
65 0
66 0
67 0
68 0
69 0
70 0
71 0
72 0
73 0
74 0
75 0
76 0
77 0
78 0
79 0
80 0
81 0
82 0
83 0
84 0
85 0
86 0
87 0
88 0
89 0
90 0
91 0
92 0
93 0
94 0
95 0
96 0
97 0
98 0
99 0
100 0
101 0
102 1
103 1
104 1
105 1
106 1
107 1
108 1
109 1
110 1
111 1
112 1
113 1
114 1
115 1
116 1
117 1
118 1
119 1
120 1
121 1
122 1
123 1
124 1
125 1
126 1
127 1
128 1
129 1
130 1
131 1
132 1
133 1
134 1
135 1
136 1
137 1
138 1
139 1
140 1
141 1
142 1
143 1
144 1
145 1
146 1
147 1
148 1
149 1
150 1
151 1
152 1
153 1
154 1
155 1
156 1
157 1
158 1
159 1
160 1
161 1
162 1
163 1
164 1
165 1
166 1
167 1
168 1
169 1
170 1
171 1
172 1
173 1
174 1
175 1
176 1
177 1
178 1
179 1
180 1
181 1
182 1
183 1
184 1
185 1
186 1
187 1
188 1
189 1
190 1
191 1
192 1
193 1
194 1
195 1
196 1
197 1
198 1
199 1
200 1
201 1
202 1
203 1
204 1
205 1
206 1
207 1
208 1
209 1
210 1
211 1
212 1
213 1
214 1
215 1
216 1
217 1
218 1
219 1
220 1
221 1
222 1
223 1
224 1
225 1
226 1
227 2
228 2
229 2
230 2
231 2
232 2
233 2
234 2
235 2
236 2
237 2
238 2
239 2
240 2
241 2
242 2
243 2
244 3
245 3
246 3
247 3
248 3
249 3
250 3
251 3
252 3
253 3
254 3
255 3
256 3
257 3
258 3
259 5
260 5
261 5
262 5
263 5
264 5
265 5
266 5
267 5
268 5
269 5
270 5
271 5
272 5
273 5
274 5
275 5
276 5
277 5
278 5
279 5
280 5
281 5
282 5
283 5
284 5
285 5
286 5
287 5
288 5
289 5
290 5
291 5
292 5
293 5
294 5
295 5
296 5
297 5
298 5
299 5
300 5
301 5
302 5
303 5
304 5
305 5
306 5
307 5
308 5
309 5
310 5
311 5
312 5
313 5
314 5
315 5
316 5
317 5
318 5
319 5
320 5
321 5
322 5
323 5
324 5
325 5
326 5
327 5
328 5
329 5
330 5
331 5
332 5
333 5
334 5
335 5
336 5
337 5
338 5
339 5
340 5
341 5
342 5
343 5
344 5
345 5
346 5
347 5
348 5
349 5
350 5
351 5
352 5
353 5
354 6
355 6
356 6
357 6
358 6
359 6
360 6
361 6
362 6
363 6
364 6
365 6
366 6
367 6
368 6
369 6
370 6
371 6
372 6
373 6
374 6
375 6
376 6
377 6
378 6
379 6
380 6
381 6
382 6
383 6
384 6
385 6
386 6
387 6
388 6
389 6
390 6
391 6
392 6
393 6
394 6
395 6
396 6
397 7
398 7
399 7
400 7
401 7
402 7
403 7
404 7
405 7
406 7
407 7
408 7
409 7
410 7
411 7
412 7
413 7
414 7
415 7
416 7
417 7
418 7
419 7
420 7
421 7
422 7
423 7
424 7
425 7
426 7
427 7
428 7
429 7
430 7
431 7
432 7
433 7
434 7
435 7
436 7
437 8
438 8
439 8
440 8
441 8
442 8
443 8
444 8
445 8
446 8
447 8
448 8
449 8
450 9
451 9
452 9
453 9
454 9
455 9
456 9
457 9
458 9
459 9
460 9
461 10
462 10
463 10
464 10
465 11
466 11
467 11
468 11
469 11
470 11
471 11
472 11
473 11
474 11
475 11
476 11
477 11
478 11
479 11
480 11
481 11
482 11
483 11
484 11
485 11
486 11
487 11
488 11
489 11
490 11
491 11
492 11
493 11
494 11
495 11
496 11
497 11
498 11
499 11
500 11
501 11
502 11
503 11
504 11
505 11
506 11
507 11
508 11
509 11
510 11
511 11
512 11
513 11
514 11
515 11
516 11
517 11
518 11
519 11
520 11
521 11
522 11
523 11
524 11
525 11
526 11
527 11
528 11
529 11
530 11
531 11
532 11
533 11
534 11
535 11
536 11
537 11
538 11
539 11
540 11
541 11
542 11
543 11
544 11
545 11
546 11
547 11
548 11
549 12
550 12
551 12
552 12
553 12
554 12
555 12
556 12
557 12
558 12
559 12
560 12
561 12
562 12
563 12
564 12
565 12
566 12
567 12
568 12
569 12
570 12
571 12
572 12
573 12
574 12
575 12
576 13
577 13
578 13
579 13
580 13
581 13
582 13
583 13
584 13
585 13
586 13
587 13
588 13
589 13
590 13
591 13
592 13
593 13
594 13
595 13
596 13
597 14
598 14
599 14
600 14
601 14
602 14
603 14
604 14
605 14
606 14
607 14
608 14
609 14
610 14
611 14
612 14
613 14
614 14
615 14
616 14
617 14
618 14
619 14
620 14
621 14
622 15
623 15
624 15
625 15
626 15
627 15
628 15
629 15
630 15
631 15
632 15
633 15
634 15
635 15
636 15
637 15
638 15
639 15
640 15
641 15
642 15
643 15
644 15
645 15
646 15
647 15
648 15
649 15
650 15
651 15
652 15
653 15
654 15
655 16
656 16
657 16
658 16
659 16
660 16
661 16
662 16
663 16
664 16
665 16
666 16
667 16
668 16
669 16
670 16
671 16
672 16
673 16
674 16
675 16
676 16
677 16
678 16
679 16
680 16
681 16
682 16
683 16
684 16
685 16
686 16
687 16
688 16
689 16
690 16
691 16
692 16
693 16
694 16
695 16
696 16
697 16
698 16
699 16
700 16
701 17
702 17
703 18
704 18
705 18
706 18
707 18
708 18
709 18
710 18
711 18
712 18
713 18
714 18
715 18
716 18
717 18
718 18
719 18
720 18
721 18
722 18
723 18
724 18
725 18
726 18
727 18
728 18
729 18
730 18
731 18
732 18
733 18
734 18
735 18
736 18
737 18
738 18
739 19
740 19
741 19
742 19
743 19
744 19
745 19
746 19
747 19
748 19
749 19
750 19
751 20
752 20
753 20
754 20
755 20
756 20
757 20
758 20
759 20
760 20
761 20
762 20
763 20
764 20
765 20
766 20
767 20
768 20
769 20
770 20
771 20
772 20
773 20
774 20
775 20
776 20
777 20
778 20
779 20
780 20
781 20
782 20
783 20
784 20
785 20
786 20
787 20
788 20
789 20
790 20
791 20
792 20
793 20
794 20
795 20
796 20
797 20
798 20
799 20
800 20
801 20
802 20
803 20
804 20
805 20
806 20
807 20
808 20
809 20
810 20
811 20
812 21
813 21
814 21
815 21
816 21
817 21
818 21
819 21
820 21
821 21
822 21
823 21
824 21
825 21
826 21
827 21
828 21
829 21
830 21
831 21
832 21
833 21
834 21
835 21
836 21
837 21
838 21
839 21
840 21
841 21
842 21
843 21
844 21
845 21
846 21
847 21
848 21
849 21
850 21
851 21
852 21
853 21
854 21
855 21
856 21
857 21
858 21
859 22
860 22
861 22
862 22
863 22
864 22
865 22
866 22
867 22
868 22
869 22
870 22
871 22
872 22
873 22
874 22
875 22
876 22
877 22
878 22
879 22
880 22
881 22
882 22
883 22
884 22
885 22
886 22
887 22
888 22
889 22
890 22
891 22
892 22
893 22
894 22
895 22
896 22
897 22
898 22
899 22
900 22
901 22
902 22
903 22
904 22
905 22
906 22
907 23
908 23
909 23
910 24
911 24
912 24
913 24
914 24
915 24
916 24
917 24
918 24
919 24
920 24
921 24
922 24
923 24
924 24
925 24
926 24
927 24
928 24
929 24
930 24
931 24
932 24
933 24
934 24
935 24
936 24
937 24
938 24
939 24
940 25
941 25
942 25
943 25
944 25
945 25
946 25
947 25
948 25
949 25
950 25
951 25
952 25
953 25
954 25
955 25
956 25
957 25
958 25
959 25
960 25
961 25
962 25
963 26
964 26
965 26
966 26
967 26
968 26
969 26
970 26
971 26
972 26
973 26
974 26
975 26
976 27
977 27
978 27
979 27
980 27
981 27
982 27
983 27
984 27
985 28
986 28
987 28
988 28
989 28
990 28
991 28
992 28
993 28
994 28
995 28
996 28
997 28
998 28
999 28
1000 28
1001 28
1002 28
1003 28
1004 28
1005 28
1006 28
1007 28
1008 28
1009 28
1010 28
1011 28
1012 28
1013 29
1014 29
1015 29
1016 29
1017 29
1018 29
1019 29
1020 29
1021 29
1022 29
1023 29
1024 29
1025 29
1026 29
1027 29
1028 29
1029 29
1030 29
1031 29
1032 29
1033 29
1034 29
1035 29
1036 29
1037 29
1038 29
1039 29
1040 29
1041 29
1042 29
1043 29
1044 29
1045 29
1046 29
1047 29
1048 29
1049 29
1050 29
1051 29
1052 29
1053 29
1054 29
1055 29
1056 29
1057 29
1058 29
1059 29
1060 29
1061 29
1062 29
1063 29
1064 29
1065 29
1066 29
1067 29
1068 29
1069 29
1070 29
1071 29
1072 29
1073 29
1074 29
1075 29
1076 29
1077 29
1078 29
1079 29
1080 29
1081 29
1082 29
1083 29
1084 29
1085 29
1086 29
1087 29
1088 29
1089 29
1090 29
1091 29
1092 29
1093 29
1094 29
1095 29
1096 29
1097 29
1098 29
1099 29
1100 29
1101 29
1102 29
1103 29
1104 29
1105 29
1106 29
1107 29
1108 29
1109 29
1110 29
1111 29
1112 29
1113 29
1114 29
1115 29
1116 29
1117 29
1118 29
1119 29
1120 29
1121 29
1122 29
1123 29
1124 29
1125 29
1126 29
1127 29
1128 29
1129 29
1130 29
1131 29
1132 29
1133 29
1134 29
1135 29
1136 29
1137 29
1138 30
1139 30
1140 30
1141 30
1142 30
1143 30
1144 30
1145 30
1146 30
1147 30
1148 30
1149 31
1150 31
1151 31
1152 31
1153 31
1154 31
1155 31
1156 31
1157 31
1158 31
1159 31
1160 31
1161 31
1162 31
1163 31
1164 31
1165 31
1166 31
1167 31
1168 31
1169 31
1170 31
1171 31
1172 31
1173 31
1174 31
1175 31
1176 31
1177 31
1178 31
1179 31
1180 31
1181 31
1182 31
1183 31
1184 31
1185 31
1186 31
1187 31
1188 31
1189 31
1190 31
1191 31
1192 31
1193 31
1194 31
1195 31
1196 31
1197 31
1198 31
1199 31
1200 31
1201 31
1202 31
1203 31
1204 31
1205 31
1206 31
1207 31
1208 31
1209 31
1210 31
1211 31
1212 31
1213 31
1214 31
1215 31
1216 31
1217 31
1218 31
1219 31
1220 31
1221 31
1222 31
1223 31
1224 31
1225 31
1226 31
1227 31
1228 31
1229 31
1230 31
1231 31
1232 31
1233 31
1234 31
1235 31
1236 32
1237 32
1238 32
1239 32
1240 32
1241 32
1242 32
1243 32
1244 32
1245 32
1246 32
1247 32
1248 32
1249 32
1250 32
1251 32
1252 32
1253 32
1254 32
1255 32
1256 32
1257 32
1258 32
1259 32
1260 32
1261 32
1262 32
1263 32
1264 32
1265 32
1266 32
1267 32
1268 32
1269 32
1270 32
1271 32
1272 32
1273 32
1274 32
1275 32
1276 32
1277 32
1278 32
1279 32
1280 32
1281 32
1282 32
1283 32
1284 32
1285 32
1286 32
1287 32
1288 32
1289 32
1290 32
1291 32
1292 32
1293 32
1294 32
1295 32
1296 32
1297 32
1298 32
1299 32
1300 32
1301 32
1302 32
1303 32
1304 32
1305 32
1306 32
1307 32
1308 32
1309 32
1310 32
1311 32
1312 32
1313 32
1314 32
1315 32
1316 32
1317 32
1318 32
1319 32
1320 32
1321 32
1322 32
1323 32
1324 32
1325 32
1326 32
1327 32
1328 32
1329 32
1330 32
1331 32
1332 32
1333 32
1334 32
1335 32
1336 32
1337 32
1338 32
1339 32
1340 32
1341 32
1342 32
1343 32
1344 32
1345 32
1346 32
1347 32
1348 33
1349 33
1350 33
1351 33
1352 33
1353 33
1354 33
1355 34
1356 34
1357 34
1358 34
1359 34
1360 34
1361 34
1362 34
1363 34
1364 34
1365 34
1366 34
1367 34
1368 34
1369 35
1370 35
1371 35
1372 35
1373 35
1374 35
1375 35
1376 35
1377 35
1378 35
1379 35
1380 35
1381 35
1382 35
1383 35
1384 35
1385 35
1386 35
1387 35
1388 35
1389 35
1390 35
1391 35
1392 35
1393 35
1394 35
1395 35
1396 35
1397 35
1398 35
1399 35
1400 35
1401 35
1402 35
1403 35
1404 35
1405 35
1406 35
1407 36
1408 36
1409 36
1410 36
1411 36
1412 36
1413 36
1414 36
1415 36
1416 36
1417 36
1418 36
1419 36
1420 36
1421 36
1422 36
1423 36
1424 36
1425 36
1426 36
1427 36
1428 36
1429 36
1430 36
1431 36
1432 36
1433 36
1434 36
1435 36
1436 36
1437 36
1438 36
1439 37
1440 37
1441 37
1442 37
1443 37
1444 37
1445 37
1446 37
1447 37
1448 37
1449 37
1450 37
1451 37
1452 37
1453 37
1454 37
1455 37
1456 37
1457 37
1458 37
1459 37
1460 37
1461 37
1462 37
1463 37
1464 37
1465 37
1466 37
1467 37
1468 37
1469 37
1470 37
1471 37
1472 37
1473 37
1474 37
1475 37
1476 37
1477 37
1478 37
1479 37
1480 37
1481 37
1482 37
1483 37
1484 37
1485 37
1486 37
1487 37
1488 37
1489 37
1490 37
1491 37
1492 37
1493 37
1494 37
1495 37
1496 37
1497 37
1498 37
1499 37
1500 37
1501 37
1502 37
1503 37
1504 37
1505 37
1506 37
1507 38
1508 38
1509 38
1510 38
1511 38
1512 38
1513 38
1514 38
1515 38
1516 38
1517 38
1518 38
1519 38
1520 38
1521 38
1522 39
1523 39
1524 39
1525 39
1526 39
1527 39
1528 39
1529 39
1530 39
1531 39
1532 39
1533 39
1534 39
1535 39
1536 39
1537 39
1538 39
1539 39
1540 39
1541 40
1542 40
1543 40
1544 40
1545 40
1546 40
1547 40
1548 40
1549 40
1550 40
1551 40
1552 40
1553 40
1554 40
1555 40
1556 40
1557 40
1558 40
1559 40
1560 40
1561 40
1562 40
1563 40
1564 40
1565 40
1566 40
1567 40
1568 40
1569 40
1570 40
1571 40
1572 40
1573 40
1574 40
1575 40
1576 40
1577 41
1578 41
1579 41
1580 41
1581 41
1582 41
1583 41
1584 41
1585 41
1586 41
1587 41
1588 41
1589 41
1590 41
1591 41
1592 41
1593 41
1594 41
1595 41
1596 41
1597 42
1598 42
1599 42
1600 42
1601 42
1602 42
1603 42
1604 42
1605 42
1606 42
1607 42
1608 42
1609 42
1610 42
1611 42
1612 42
1613 42
1614 42
1615 42
1616 43
1617 43
1618 43
1619 43
1620 43
1621 43
1622 44
1623 44
1624 44
1625 44
1626 44
1627 44
1628 44
1629 44
1630 44
1631 44
1632 44
1633 44
1634 44
1635 44
1636 44
1637 44
1638 44
1639 44
1640 44
1641 44
1642 44
1643 44
1644 44
1645 44
1646 44
1647 44
1648 44
1649 44
1650 44
1651 44
1652 44
1653 44
1654 44
1655 45
1656 45
1657 45
1658 45
1659 45
1660 45
1661 45
1662 45
1663 45
1664 45
1665 45
1666 45
1667 45
1668 45
1669 45
1670 45
1671 45
1672 45
1673 45
1674 45
1675 45
1676 45
1677 45
1678 45
1679 45
1680 45
1681 45
1682 45
1683 45
1684 45
1685 45
1686 45
1687 45
1688 45
1689 45
1690 45
1691 45
1692 45
1693 45
1694 45
1695 45
1696 45
1697 45
1698 45
1699 45
1700 45
1701 45
1702 45
1703 45
1704 45
1705 45
1706 45
1707 45
1708 45
1709 45
1710 45
1711 45
1712 45
1713 45
1714 45
1715 45
1716 45
1717 45
1718 45
1719 45
1720 45
1721 45
1722 45
1723 45
1724 45
1725 45
1726 45
1727 45
1728 45
1729 45
1730 45
1731 45
1732 45
1733 45
1734 45
1735 45
1736 45
1737 45
1738 45
1739 45
1740 45
1741 45
1742 45
1743 45
1744 45
1745 45
1746 45
1747 45
1748 45
1749 45
1750 45
1751 45
1752 45
1753 45
1754 45
1755 45
1756 46
1757 46
1758 46
1759 46
1760 46
1761 46
1762 46
1763 46
1764 46
1765 46
1766 46
1767 47
1768 47
1769 47
1770 47
1771 47
1772 47
1773 47
1774 47
1775 47
1776 47
1777 47
1778 47
1779 48
1780 48
1781 48
1782 48
1783 48
1784 48
1785 48
1786 48
1787 48
1788 48
1789 48
1790 48
1791 48
1792 48
1793 48
1794 49
1795 49
1796 49
1797 49
1798 49
1799 49
1800 49
